Linear Regression:
Scores: [0.40964733 0.46246488 0.58202526 0.72939615 0.50000247 0.56718499
 0.48274401 0.4979289  0.39904807 0.62814567]
Mean: 0.5258587718609065
Std_Deviation: 0.09678065477537444

Decision Tree Regressor:
Scores: [0.40311457 0.45177067 0.48795132 0.7984041  0.67678404 0.39571816
 0.57348676 0.61561762 0.48242143 0.59908087]
Mean: 0.5484349542907851
Std_Deviation: 0.1218460691841876

Random Forest Classifier:
Scores: [0.32487347 0.36185939 0.28053599 0.61444407 0.5114734  0.32571159
 0.42494068 0.28064524 0.27838375 0.47826726]
Mean: 0.38811348493466946
Std_Deviation: 0.10939500863448517
